-0.075596 5.99965e-05 0.000948035 7.25505e-05 2.88143e-06 5.88648e-06 -4.03867e-06 -6.41159e-07 2.29983e-05 3.89912e-05 9.78825e-05 0.000142241 -0.00208405 -0.000640805 1.42071e-05 0.00022389 0.000782663 4.2877e-06 -0.00015212 2.93588e-06 -4.17903e-07 0.000273152 -1.03338e-05 6.0755e-06 3.94784e-06 0.00966524 -0.000438552 -0.000443367 0.000367594 0.00156322 0.000875475 0.00220015 0.00111923 -0.000467065 0.000739796 0.000161715 1.36505e-05 0.00145458 0.00389516 0.0012694 0.00166824 0.00162192 0.00411915 0.00273391 0.000683051 7.77382e-05
0.000119757 -0.000854801 1.91973e-05 5.93725e-06 1.94156e-07 2.67873e-07 -2.17476e-07 -9.21448e-09 9.63329e-07 1.50067e-06 2.54693e-06 2.04876e-06 -1.01327e-05 -3.12078e-06 1.41786e-07 1.43271e-06 4.46952e-06 3.42086e-08 -1.21757e-06 3.58352e-08 8.71359e-09 1.61061e-06 -6.64116e-08 4.69426e-08 5.95861e-08 0.000163554 2.6157e-05 -9.30267e-06 2.36096e-05 7.35759e-05 2.2249e-05 4.86989e-05 3.19451e-05 -1.53115e-05 1.26104e-05 3.16401e-06 3.39411e-07 2.38315e-05 0.000108626 2.6232e-05 2.62505e-05 2.55595e-05 6.04739e-05 3.80038e-05 9.17924e-06 9.56407e-07
0.00105573 6.90242e-06 -0.0368303 0.000859457 -9.20001e-06 0.000115479 -4.60486e-05 -1.5094e-05 0.000136091 4.80001e-05 0.000452354 1.09216e-05 -0.000445487 -0.000140134 4.14976e-06 5.24854e-05 0.000176383 1.04248e-06 -3.64401e-05 8.0204e-07 -3.19859e-09 6.03567e-05 -2.32775e-06 1.3979e-06 8.40803e-07 0.00058801 -0.000438377 -0.00098177 0.00232498 0.00534088 0.000586501 0.00156181 0.000827594 -0.000583808 0.000249697 0.000104697 2.23549e-05 0.000472571 0.00133968 0.000464295 0.000583554 0.000531223 0.00125715 0.000747127 0.000190122 1.97422e-05
0.000110629 2.07483e-06 0.00233825 -0.0117934 5.18993e-06 3.36386e-05 -2.94045e-05 1.25156e-06 3.91265e-05 1.2201e-05 5.86121e-05 9.71733e-06 -3.61912e-05 -1.14918e-05 5.80041e-07 5.2665e-06 1.61188e-05 1.18102e-07 -4.10258e-06 1.17105e-07 2.5672e-08 5.52504e-06 -2.25821e-07 1.5147e-07 1.39479e-07 0.000141408 -9.96552e-05 -0.000119721 0.00162066 0.00191924 0.000124052 0.000319681 0.00020227 -0.000139838 4.53251e-05 2.30935e-05 6.06202e-06 8.19123e-05 0.000287757 8.85543e-05 0.000101265 9.04526e-05 0.000204929 0.000116959 2.92729e-05 2.86716e-06
9.8473e-06 1.64481e-07 0.000240436 0.000120584 -0.000895054 1.74311e-05 -2.50198e-05 1.06479e-05 1.14879e-05 1.62755e-06 1.1551e-05 1.45964e-06 -3.57434e-06 -1.16266e-06 7.58434e-08 5.87273e-07 1.70173e-06 1.33372e-08 -4.5897e-07 1.40093e-08 3.75323e-09 5.71466e-07 -2.39386e-08 1.65441e-08 1.58373e-08 1.24122e-05 -1.02851e-05 -2.15387e-05 0.000292243 0.000401526 1.86745e-05 5.09048e-05 3.16474e-05 -2.47465e-05 5.70823e-06 3.95796e-06 1.2204e-06 1.02643e-05 3.29638e-05 1.10746e-05 1.34823e-05 1.15323e-05 2.54617e-05 1.40101e-05 3.52531e-06 3.35803e-07
4.14375e-06 6.12849e-08 0.000100763 1.58953e-05 3.76666e-06 -0.00140406 -7.96004e-06 -7.75601e-06 2.73097e-05 1.14861e-06 1.12977e-05 9.22124e-07 -1.66109e-06 -5.50508e-07 4.13448e-08 2.94427e-07 8.25354e-07 6.69587e-09 -2.29019e-07 7.224e-09 2.0996e-09 2.72802e-07 -1.15957e-08 8.13588e-09 7.86758e-09 5.05071e-06 -4.40513e-06 -9.34989e-06 0.000100752 0.000263065 1.08578e-05 3.03629e-05 1.87729e-05 -1.54119e-05 3.01836e-06 2.43272e-06 7.95381e-07 5.41665e-06 1.62848e-05 5.81579e-06 7.37282e-06 6.15295e-06 1.33926e-05 7.21346e-06 1.82217e-06 1.70901e-07
4.27286e-06 8.70924e-08 3.59562e-05 2.55977e-05 1.50851e-05 6.62282e-06 0.00116476 0.000105961 1.24216e-05 1.35233e-06 6.53415e-06 1.14678e-06 -1.46046e-06 -4.80842e-07 3.99282e-08 2.75648e-07 7.57746e-07 6.5619e-09 -2.24993e-07 7.42685e-09 2.38501e-09 2.5348e-07 -1.09676e-08 7.96352e-09 8.52381e-09 6.66088e-06 -5.83809e-06 -1.32818e-05 0.000145339 0.000245088 1.06177e-05 2.85124e-05 1.93302e-05 -1.40819e-05 3.27753e-06 2.25461e-06 7.0922e-07 5.6876e-06 1.8911e-05 6.20295e-06 7.41298e-06 6.32078e-06 1.38389e-05 7.53523e-06 1.891e-06 1.7729e-07
5.2416e-06 9.84432e-08 5.93857e-05 2.56614e-05 5.49527e-06 1.3798e-05 -0.000220009 2.7539e-06 2.17646e-05 1.86067e-06 8.83311e-06 1.42893e-06 -1.84795e-06 -6.04925e-07 4.68504e-08 3.34469e-07 9.34213e-07 7.87688e-09 -2.7038e-07 8.74711e-09 2.69332e-09 3.13203e-07 -1.34244e-08 9.61586e-09 9.98369e-09 7.64982e-06 -6.72425e-06 -1.54553e-05 0.000147454 0.000287143 1.22773e-05 3.2816e-05 2.25311e-05 -1.61258e-05 3.83651e-06 2.58833e-06 8.1061e-07 6.64454e-06 2.19594e-05 7.22455e-06 8.62559e-06 7.37564e-06 1.61935e-05 8.84369e-06 2.22078e-06 2.08991e-07
2.46192e-05 3.71335e-07 0.00010953 2.78229e-05 4.89754e-06 2.65762e-05 -1.81491e-05 -1.70708e-05 -0.00573803 4.58267e-05 0.000219487 2.47462e-05 -1.03996e-05 -3.42059e-06 2.77844e-07 1.93114e-06 5.33323e-06 4.50867e-08 -1.54221e-06 5.01139e-08 1.56372e-08 1.77144e-06 -7.60532e-08 5.44273e-08 5.47403e-08 3.32153e-05 -2.89559e-05 -5.60207e-05 0.000256864 0.00157362 7.68009e-05 0.000200492 0.000171232 -0.000104073 2.45438e-05 1.72847e-05 5.89572e-06 3.92938e-05 0.000123727 4.17388e-05 5.09104e-05 4.29009e-05 9.35794e-05 5.04442e-05 1.27154e-05 1.18601e-06
1.49804e-05 2.08726e-07 1.66677e-05 3.83593e-06 2.91289e-07 6.01527e-07 -4.74804e-07 -2.48167e-07 4.09705e-06 -0.00354357 2.04975e-05 3.96388e-05 -5.68261e-06 -1.75979e-06 8.73571e-08 8.21638e-07 2.52933e-06 1.86877e-08 -6.51475e-07 1.86517e-08 4.23513e-09 8.79697e-07 -3.57223e-08 2.40496e-08 2.18587e-08 1.93621e-05 -1.37661e-05 -2.30794e-05 2.58388e-05 0.000133482 1.8938e-05 4.14797e-05 5.88329e-05 -1.79674e-05 1.0585e-05 3.58233e-06 1.016e-06 1.44016e-05 5.79479e-05 1.44062e-05 1.55867e-05 1.42236e-05 3.26086e-05 1.87884e-05 4.68957e-06 4.5895e-07
0.000103203 9.69143e-07 0.000376594 4.24055e-05 5.84962e-06 1.47848e-05 -7.46738e-06 -3.19548e-06 0.000169953 8.09267e-05 -0.0127218 -1.95787e-05 -4.97368e-05 -1.64331e-05 1.078e-06 8.12644e-06 2.34869e-05 1.77046e-07 -6.05097e-06 1.79555e-07 4.45152e-08 7.72528e-06 -3.21209e-07 2.16648e-07 1.84344e-07 9.21579e-05 -7.4381e-05 -0.000124277 0.000397594 0.00260684 0.000276947 0.0008221 0.000438876 -0.000395678 7.19936e-05 5.9453e-05 1.84708e-05 0.000131162 0.000357905 0.000136474 0.000184294 0.000151456 0.000328872 0.00017597 4.47605e-05 4.21773e-06
0.000757071 3.49117e-06 0.000478177 5.14922e-05 4.65948e-06 9.53667e-06 -6.49329e-06 -2.58325e-06 0.000106672 0.00051366 0.000438988 -0.00809643 -0.000485007 -0.000153321 4.54862e-06 5.74183e-05 0.000193161 1.10903e-06 -3.86752e-05 8.19376e-07 -2.72932e-08 6.53032e-05 -2.5026e-06 1.48109e-06 7.85372e-07 0.000359824 -0.000186749 -0.000263675 0.00040047 0.00255939 0.000802916 0.00172786 0.00217608 -0.000946913 0.000358176 0.000171089 6.0397e-05 0.000520406 0.00139029 0.00045947 0.000614207 0.00054251 0.00128094 0.000752648 0.000193046 2.0036e-05
0.000297267 6.29404e-07 5.47993e-05 3.14584e-06 1.67165e-07 3.58318e-07 -2.29404e-07 -4.39969e-08 1.57839e-06 2.27937e-06 6.94396e-06 1.64762e-05 0.0522273 -0.000184301 3.44806e-06 6.19573e-05 0.000221512 1.14293e-06 -4.07458e-05 6.57618e-07 -2.63236e-07 8.38136e-05 -2.94933e-06 1.63682e-06 5.47799e-07 8.02562e-05 -1.81067e-05 -1.96925e-05 1.93818e-05 0.000100434 9.88385e-05 0.000306144 0.000126039 -3.63631e-05 0.000156164 2.72088e-05 2.53065e-06 0.000296117 0.00031774 0.000180874 0.000320766 0.000309818 0.00083012 0.000556618 0.000144199 1.67381e-05
0.0011716 2.46533e-06 0.00022179 1.31238e-05 7.59669e-07 1.57466e-06 -9.99177e-07 -1.87543e-07 7.10866e-06 9.36543e-06 3.0362e-05 6.98501e-05 -0.00238285 0.0162693 2.80288e-05 0.000309318 0.00105703 4.77367e-06 -0.000164729 2.56764e-06 -7.83183e-07 0.000308619 -1.16505e-05 6.41968e-06 2.08101e-06 0.000307972 -7.22387e-05 -7.99165e-05 8.3978e-05 0.000448895 0.000482464 0.00166661 0.000617318 -0.000125365 0.000722093 0.000344659 2.83434e-05 0.00126971 0.0010721 0.000804296 0.00188176 0.00141756 0.00356815 0.00217731 0.000577329 6.53968e-05
3.04466e-05 9.42254e-08 6.63219e-06 6.3437e-07 4.94189e-08 8.46027e-08 -5.4086e-08 -8.53939e-09 4.08673e-07 3.62947e-07 1.48091e-06 1.90825e-06 -5.64508e-05 -4.11451e-05 -0.0033234 0.000328098 0.000571276 3.70929e-07 -7.89673e-06 2.00196e-07 5.87742e-08 8.39424e-06 -3.75249e-07 2.38799e-07 1.26587e-07 1.31396e-05 -3.77525e-06 -4.21307e-06 4.77666e-06 2.7647e-05 4.11031e-05 0.000187699 3.20184e-05 -1.17683e-05 3.29052e-05 1.97163e-05 -2.08929e-06 9.88239e-05 6.46546e-05 8.77562e-05 0.000529045 0.000446582 0.000594819 0.000178928 5.14884e-05 4.40246e-06
7.01447e-05 1.92896e-07 1.42677e-05 1.15847e-06 8.08451e-08 1.45723e-07 -9.36201e-08 -1.55874e-08 6.87082e-07 7.14788e-07 2.59788e-06 4.21892e-06 -0.000134865 -6.10288e-05 3.87991e-05 -0.0340033 0.00323723 1.37103e-06 -2.11375e-05 4.65681e-07 1.49911e-07 1.98821e-05 -9.22032e-07 5.78853e-07 2.87261e-07 2.66677e-05 -7.0048e-06 -7.69828e-06 8.21276e-06 4.60385e-05 6.17978e-05 0.000237357 5.68629e-05 -1.77374e-05 6.50972e-05 3.25011e-05 -5.11066e-07 0.000190625 0.000122608 0.000155929 0.000703392 0.000759903 0.00176322 0.000415246 0.0001275 1.06445e-05
0.00105102 2.53874e-06 0.000203839 1.39106e-05 8.55486e-07 1.65953e-06 -1.06695e-06 -1.89723e-07 7.58723e-06 9.25422e-06 3.06633e-05 6.12558e-05 -0.00208703 -0.000872467 0.000182201 0.013294 -0.052813 2.48301e-05 -0.000292885 5.259e-06 1.4434e-06 0.000292734 -1.32467e-05 7.9036e-06 3.39812e-06 0.000339038 -8.31092e-05 -9.07606e-05 9.23911e-05 0.000500188 0.000615061 0.00211807 0.00061395 -0.000185578 0.000721313 0.000211242 -3.72703e-06 0.00193625 0.00139139 0.0015409 0.00490839 0.00623179 0.0181598 0.00465437 0.00146323 0.000126136
9.34784e-06 3.21396e-08 1.9487e-06 1.869e-07 1.28968e-08 2.22783e-08 -1.46572e-08 -2.35314e-09 1.0525e-07 1.10667e-07 3.76638e-07 5.60243e-07 -1.70109e-05 -5.56103e-06 3.82836e-07 7.4373e-06 2.11634e-05 -0.000681023 -0.000129278 2.67251e-07 7.62215e-08 3.25497e-06 -5.17457e-07 2.79768e-07 1.07679e-07 4.89595e-06 -1.26671e-06 -1.35849e-06 1.33008e-06 7.3981e-06 1.05555e-05 3.37457e-05 9.69648e-06 -2.71305e-06 1.19895e-05 2.23614e-06 -3.94702e-07 3.86396e-05 2.49774e-05 3.42497e-05 6.5442e-05 9.892e-05 0.000384386 0.000169127 7.80106e-05 5.31267e-06
7.72592e-05 2.75391e-07 1.60337e-05 1.5721e-06 1.08078e-07 1.8575e-07 -1.22591e-07 -1.95697e-08 8.7724e-07 9.27195e-07 3.1173e-06 4.59952e-06 -0.000138889 -4.38618e-05 2.56279e-06 3.49822e-05 0.000105811 -1.22525e-05 0.0260946 7.70287e-06 6.90902e-07 3.18825e-05 -1.34661e-05 5.9848e-06 1.60276e-06 4.33201e-05 -1.08171e-05 -1.15389e-05 1.11652e-05 6.19064e-05 8.65101e-05 0.000271978 8.17359e-05 -2.26013e-05 0.000103078 1.78095e-05 -3.10574e-06 0.000329703 0.000217586 0.000281635 0.000509074 0.000689708 0.00256987 0.00219775 0.00118316 9.06353e-05
2.23465e-05 5.43915e-08 4.26324e-06 2.86208e-07 1.68708e-08 3.3183e-08 -2.14497e-08 -3.85459e-09 1.50101e-07 1.92325e-07 6.1288e-07 1.26488e-06 -4.54083e-05 -1.41505e-05 3.8298e-07 6.11388e-06 2.06041e-05 5.58567e-07 -4.14392e-05 -0.00104596 -3.03461e-09 6.45987e-06 -1.86105e-06 8.60816e-07 1.53099e-07 7.46504e-06 -1.75205e-06 -1.89519e-06 1.86396e-06 9.94455e-06 1.17106e-05 3.6879e-05 1.22455e-05 -3.62892e-06 1.46803e-05 2.80181e-06 -7.99201e-08 3.8145e-05 2.99447e-05 2.95436e-05 5.29174e-05 6.43411e-05 0.000203613 0.000174594 3.60469e-05 6.84538e-06
1.83794e-05 5.20442e-08 3.59847e-06 2.81569e-07 1.77319e-08 3.27554e-08 -2.14049e-08 -3.65387e-09 1.50986e-07 1.79967e-07 5.79125e-07 1.06395e-06 -3.65563e-05 -1.09977e-05 3.70081e-07 5.12825e-06 1.67421e-05 1.36363e-07 -6.75284e-06 1.37971e-07 -0.000352677 1.50577e-05 -5.88921e-07 3.34998e-07 1.45416e-07 7.61014e-06 -1.82979e-06 -1.96133e-06 1.90199e-06 1.0307e-05 1.29456e-05 4.01533e-05 1.34231e-05 -3.73983e-06 1.73678e-05 2.86673e-06 -2.49999e-07 5.098e-05 3.50985e-05 3.84898e-05 6.65639e-05 7.34863e-05 0.000226551 0.000203847 4.59917e-05 5.04707e-06
0.000497335 1.22087e-06 9.39873e-05 6.27781e-06 3.63615e-07 7.19063e-07 -4.65947e-07 -8.41033e-08 3.24027e-06 4.26946e-06 1.32743e-05 2.80513e-05 -0.00103834 -0.000304744 7.22392e-06 0.000114704 0.000395032 2.70311e-06 -0.000130977 2.08666e-06 -6.71694e-06 -0.0141861 -1.18399e-05 7.52751e-06 3.01378e-06 0.000170207 -3.88341e-05 -4.17534e-05 4.04872e-05 0.000214328 0.000237026 0.00072834 0.000273488 -7.76058e-05 0.000346326 5.74304e-05 2.49882e-07 0.000849028 0.000710369 0.000580765 0.000968916 0.00101936 0.00296179 0.00297866 0.000665006 9.61411e-05
2.93441e-05 8.68027e-08 5.74722e-06 4.65265e-07 2.95565e-08 5.39691e-08 -3.53573e-08 -5.96408e-09 2.49346e-07 2.92753e-07 9.45245e-07 1.68226e-06 -5.65895e-05 -1.74048e-05 6.21737e-07 8.67691e-06 2.79452e-05 4.95081e-07 -7.98295e-05 8.34265e-07 6.8238e-08 1.10228e-05 0.00109899 1.3334e-05 9.89085e-07 1.32733e-05 -3.06875e-06 -3.27603e-06 3.15759e-06 1.7125e-05 2.15706e-05 6.68685e-05 2.20492e-05 -6.22324e-06 2.77866e-05 4.70151e-06 -4.57836e-07 8.08492e-05 5.85416e-05 6.39471e-05 0.000110187 0.000131087 0.000437142 0.000677538 0.000170312 4.60987e-05
9.34947e-06 3.18835e-08 1.82762e-06 1.65685e-07 1.07755e-08 1.89978e-08 -1.25562e-08 -2.04294e-09 8.84083e-08 1.00118e-07 3.2268e-07 5.2669e-07 -1.68822e-05 -5.16899e-06 2.08372e-07 2.72624e-06 8.59152e-06 1.37699e-07 -1.62913e-05 2.13903e-07 1.99444e-08 3.63449e-06 -1.04712e-05 -0.000961741 3.6387e-06 5.51501e-06 -1.14476e-06 -1.20675e-06 1.13865e-06 6.18323e-06 7.77656e-06 2.37734e-05 7.90886e-06 -2.2399e-06 9.9249e-06 1.61718e-06 -1.95562e-07 2.94903e-05 2.21417e-05 2.3678e-05 3.96526e-05 4.70067e-05 0.000155945 0.000286847 5.71821e-05 3.73325e-05
3.67734e-06 2.37661e-08 6.37253e-07 1.00067e-07 6.76895e-09 1.05784e-08 -7.27394e-09 -1.01479e-09 5.0003e-08 5.09893e-08 1.56842e-07 1.60673e-07 -3.158e-06 -9.60108e-07 7.78138e-08 7.67583e-07 2.14946e-06 3.24257e-08 -2.44705e-06 5.84589e-08 2.59218e-08 1.40676e-06 -3.09533e-07 9.12574e-07 -0.000867284 6.13661e-06 -8.22476e-07 -8.21297e-07 7.0005e-07 3.73946e-06 4.19451e-06 1.18064e-05 4.2961e-06 -1.33198e-06 4.90427e-06 7.12715e-07 -1.33253e-07 1.47081e-05 1.52069e-05 1.27937e-05 1.84187e-05 2.14392e-05 6.72665e-05 0.000130308 2.09953e-05 1.51767e-05
0.0183194 0.000186594 0.00113843 0.000289361 1.27718e-05 1.83794e-05 -1.41439e-05 -1.27305e-06 7.54378e-05 0.000123384 0.000210781 0.000200719 -0.0010507 -0.000319084 1.93796e-05 0.000174346 0.000514587 4.73207e-06 -0.000173913 5.82349e-06 1.94225e-06 0.000197794 -8.71943e-06 7.14415e-06 1.46794e-05 -0.0840632 -0.00234906 -0.00221428 0.00145392 0.00579258 0.0027453 0.00594225 0.00365247 -0.00156051 0.00187792 0.000372326 1.02084e-05 0.003762 0.0169178 0.00418861 0.00402669 0.00406211 0.00978322 0.00675587 0.00155765 0.000175453
0.000917806 4.10911e-05 0.000682516 0.000228546 9.10855e-06 1.20218e-05 -9.51835e-06 -3.78523e-07 4.45721e-05 4.47541e-05 0.00010888 5.43423e-05 -0.000176655 -5.48303e-05 3.99048e-06 3.15507e-05 9.01812e-05 8.33037e-07 -2.9236e-05 9.91e-07 3.3415e-07 3.23713e-05 -1.4112e-06 1.07249e-06 1.43775e-06 0.00173458 0.03155 0.000764426 0.0011768 0.00353376 0.00084892 0.0019084 0.00112653 -0.000674305 0.000372143 0.000117579 1.61551e-05 0.000714243 0.00309953 0.000839304 0.00081686 0.000776711 0.00177961 0.00105013 0.000256609 2.51164e-05
0.00277849 0.000102743 0.00441069 0.00246473 7.25372e-05 8.34127e-05 -7.22908e-05 3.4066e-06 0.000258002 0.000220203 0.000539442 0.000231013 -0.00058099 -0.000181801 1.34708e-05 0.000104179 0.000296498 2.69997e-06 -9.42097e-05 3.17185e-06 1.05596e-06 0.000104887 -4.56016e-06 3.42292e-06 4.33401e-06 0.00534509 -0.00260325 0.035156 0.00974533 0.0198683 0.00308114 0.00716949 0.00444799 -0.00273842 0.00125058 0.000456428 8.25172e-05 0.00232734 0.00975581 0.00270343 0.00271193 0.00252925 0.00574204 0.00332295 0.000817571 7.91053e-05
0.00032841 7.29827e-06 0.00192024 0.00190938 0.000152779 0.00012643 -0.00010729 1.4494e-05 0.000282419 6.17567e-05 0.000356947 6.46475e-05 -0.000107561 -3.54124e-05 3.12996e-06 2.11282e-05 5.73902e-05 5.15893e-07 -1.7684e-05 5.9813e-07 2.00868e-07 1.92493e-05 -8.43416e-07 6.23195e-07 6.96301e-07 0.000536754 -0.00048876 -0.00126388 -0.07426 0.0186058 0.000843393 0.0022583 0.00138964 -0.00108154 0.000251582 0.000168338 5.03017e-05 0.000455657 0.00152546 0.000509304 0.000593598 0.000510817 0.00111896 0.000609778 0.000152778 1.42803e-05
0.00230835 3.93732e-05 0.00768615 0.00248725 0.000334122 0.00049863 -0.000316878 -4.86096e-05 0.00233757 0.000476486 0.00376999 0.000596233 -0.00093404 -0.000314663 3.20901e-05 0.000200645 0.000526685 4.90239e-06 -0.000166623 5.79106e-06 2.03943e-06 0.000172698 -7.7047e-06 5.76176e-06 6.33121e-06 0.00348187 -0.0032973 -0.00668589 0.0302539 -0.22081 0.00950074 0.02602 0.0154751 -0.0129709 0.00244629 0.00191111 0.00060509 0.00448921 0.0134761 0.00501922 0.00609109 0.00511684 0.011041 0.00586077 0.00147815 0.000135614
0.0018041 1.96564e-05 0.0012359 0.00026416 2.68912e-05 4.10454e-05 -2.62011e-05 -3.75508e-06 0.000212954 0.000114189 0.00068198 0.000203075 -0.001175 -0.000417493 6.59039e-05 0.000342556 0.000829566 9.0827e-06 -0.000296874 1.13007e-05 4.53088e-06 0.000249048 -1.215e-05 9.45434e-06 9.37624e-06 0.00242798 -0.00141301 -0.00176413 0.00239912 0.0158338 -0.194611 0.0637419 0.0125539 -0.0244148 0.00355459 0.00274149 0.000170657 0.00892815 0.014873 0.0139055 0.0138105 0.011211 0.0230265 0.0109973 0.00285862 0.000244012
0.000573967 5.21476e-06 0.000386281 8.04892e-05 9.05592e-06 1.38957e-05 -8.58053e-06 -1.17734e-06 7.12479e-05 3.15164e-05 0.000248849 3.51357e-05 -0.000505326 -0.000220469 4.3435e-05 0.000176313 0.000389957 3.93618e-06 -0.000125552 4.7325e-06 1.88222e-06 0.000103186 -5.09764e-06 3.89198e-06 3.4522e-06 0.000661326 -0.000358815 -0.000467615 0.000763321 0.00501246 0.00833585 -0.545307 0.00284752 -0.00373429 0.00124382 0.00117079 -0.00140245 0.00355953 0.00374181 0.0030416 0.00789484 0.00534291 0.0101387 0.00448096 0.00118735 9.91186e-05
0.00385433 4.83254e-05 0.00239976 0.000598202 5.78127e-05 8.7605e-05 -5.88811e-05 -9.99794e-06 0.000505668 0.000509802 0.00125573 0.00253591 -0.00211808 -0.000535904 6.79588e-05 0.000470547 0.00123764 1.24518e-05 -0.000427626 1.52864e-05 5.89893e-06 0.000433996 -1.90596e-05 1.46469e-05 1.53702e-05 0.00566235 -0.00334671 -0.00409749 0.00508718 0.0342572 0.0209667 0.0292424 -0.249625 -0.0056255 0.0235385 0.00663479 0.0023875 0.0189663 0.0514553 0.0151993 0.0147409 0.0130761 0.0292586 0.0158337 0.00396886 0.000360559
0.000851749 8.92242e-06 0.000677421 0.000164908 2.01272e-05 3.08137e-05 -1.90124e-05 -2.79296e-06 0.000174498 8.11847e-05 0.000481957 0.000426786 -0.000646759 -0.000211801 2.7696e-05 0.000162122 0.000398289 3.64077e-06 -0.000120635 4.22537e-06 1.53565e-06 0.000119321 -5.42371e-06 3.9924e-06 3.64236e-06 0.00104444 -0.000648757 -0.000859246 0.00160463 0.0113169 0.0173794 0.017164 0.0270342 0.0726634 0.00244695 0.00819655 0.00561333 0.00418834 0.00690474 0.00464444 0.00535369 0.00407787 0.00848513 0.00413995 0.00107026 9.38534e-05
0.00217879 2.00158e-05 0.000772947 0.000158392 1.30042e-05 1.97623e-05 -1.35024e-05 -2.10722e-06 0.000103213 0.00011754 0.000288731 0.000451586 -0.00189912 -0.000345505 6.48578e-05 0.0004678 0.00120345 1.32766e-05 -0.000456866 1.69111e-05 7.23055e-06 0.000433293 -1.93181e-05 1.5252e-05 1.46606e-05 0.00286736 -0.00112259 -0.00123521 0.00123241 0.00734423 0.00891193 0.0166855 0.052268 -0.00101462 -0.206708 0.00262525 0.000398466 0.0656091 0.0428116 0.0164648 0.0159919 0.0144295 0.0330727 0.017753 0.00445594 0.000394818
0.000394264 3.17276e-06 0.000220398 4.87443e-05 5.80981e-06 8.90663e-06 -5.47484e-06 -7.7383e-07 4.86622e-05 2.26275e-05 0.000144409 9.75221e-05 -0.000418992 -0.000244673 3.68727e-05 0.00018159 0.000346871 2.83297e-06 -9.0123e-05 3.22767e-06 1.25682e-06 7.96885e-05 -3.81253e-06 2.8256e-06 2.32609e-06 0.000411289 -0.000205169 -0.000261819 0.000464922 0.00313067 0.00514967 0.0137795 0.00615114 0.0108113 0.00133254 -0.0432993 0.0128057 0.00307392 0.0026706 0.00355292 0.00674323 0.00378719 0.00720055 0.00307429 0.000817461 6.87799e-05
0.000435724 3.61055e-06 0.000246285 5.2805e-05 6.10586e-06 9.36265e-06 -5.76561e-06 -7.99693e-07 4.96341e-05 2.27379e-05 0.000158749 7.0811e-05 -0.000439441 -0.000218679 3.72564e-05 0.000165455 0.000349476 3.31564e-06 -0.000105389 3.914e-06 1.55731e-06 8.78906e-05 -4.31503e-06 3.2631e-06 2.78108e-06 0.000475656 -0.000233903 -0.000296703 0.000499672 0.00330655 0.00902418 0.0288219 0.00386688 0.000812578 0.00118714 -0.00160026 -0.0160876 0.0032069 0.00291713 0.00440471 0.00719406 0.00449714 0.00853837 0.00370658 0.000985356 8.21308e-05
0.00739371 5.99089e-05 0.00211064 0.000385499 2.97581e-05 4.55593e-05 -3.09455e-05 -4.45521e-06 0.000224805 0.000214102 0.000680123 0.000646194 -0.00717746 -0.00198916 0.000323162 0.00226353 0.00561974 7.4762e-05 -0.00256388 0.000102088 4.82461e-05 0.00200993 -9.88965e-05 8.23598e-05 8.01593e-05 0.00984188 -0.00298874 -0.00314747 0.00293371 0.0167122 0.0239773 0.0661171 0.0337304 -0.00555831 0.0862121 0.00433695 -0.000800908 -0.347644 0.105681 0.0853117 0.0847838 0.0852957 0.201083 0.107497 0.0270545 0.00231679
0.00974039 0.000105962 0.00261247 0.000552897 3.78209e-05 5.64742e-05 -3.99542e-05 -5.50075e-06 0.000270787 0.000316875 0.000774809 0.000813616 -0.00433951 -0.00121411 0.000123433 0.000938383 0.00252402 2.88372e-05 -0.00103493 3.8512e-05 1.60507e-05 0.0010413 -4.4952e-05 3.7163e-05 4.91678e-05 0.0170452 -0.00508215 -0.00494292 0.00390436 0.0207122 0.0172425 0.0349138 0.0306006 -0.00752497 0.0234327 0.00237028 -2.20207e-05 0.0335806 -0.407095 0.0312505 0.0289264 0.0293876 0.0700644 0.04273 0.0103123 0.000982666
0.00373731 3.08171e-05 0.00129382 0.000240673 2.04222e-05 3.12754e-05 -2.06796e-05 -2.9173e-06 0.000155543 0.000114537 0.000488909 0.00029227 -0.00346216 -0.00119217 0.000260532 0.00130692 0.00309375 4.15444e-05 -0.00131779 5.48239e-05 2.2886e-05 0.00088965 -4.81488e-05 3.90082e-05 3.62744e-05 0.00476783 -0.00170017 -0.00187023 0.00194697 0.0115434 0.02145 0.0779657 0.0135468 -0.00458773 0.0117849 0.00295717 -0.00154854 0.0379262 0.0306032 -0.335518 0.056737 0.0549974 0.112226 0.0505885 0.013467 0.00108944
0.00231453 1.55369e-05 0.000702878 0.000119637 1.04462e-05 1.61881e-05 -1.05523e-05 -1.49811e-06 8.0865e-05 5.86896e-05 0.000260102 0.000176738 -0.00277449 -0.00128332 0.000919234 0.0029796 0.00533869 4.58067e-05 -0.00133181 5.06256e-05 2.52879e-05 0.000763102 -4.50135e-05 3.66538e-05 3.01163e-05 0.00245911 -0.000799319 -0.000882329 0.000972304 0.00579423 0.0102612 0.0437387 0.00733932 -0.00235486 0.00826536 0.00360855 -0.00086239 0.0299665 0.0157467 0.0288682 -0.482513 0.121283 0.151517 0.0480001 0.0134066 0.0010638
0.000708317 4.74271e-06 0.000199762 3.30533e-05 2.70196e-06 4.19609e-06 -2.77939e-06 -3.98104e-07 2.07302e-05 1.6698e-05 6.58622e-05 5.1367e-05 -0.000843696 -0.000304657 0.000172993 0.000912393 0.00181206 2.1628e-05 -0.000545649 2.08318e-05 9.1492e-06 0.00025185 -1.63555e-05 1.33517e-05 1.07656e-05 0.000772118 -0.000236232 -0.000255272 0.000259856 0.00151559 0.00260052 0.0092137 0.00200811 -0.000577809 0.00236385 0.000585437 -0.000170729 0.00869393 0.0049201 0.00911921 0.0252337 -0.679152 0.078119 0.0177359 0.00529825 0.000399088
0.00417524 2.63576e-05 0.00110252 0.000173755 1.37328e-05 2.14608e-05 -1.4295e-05 -2.06549e-06 0.00010532 8.97541e-05 0.000335137 0.000290748 -0.00524234 -0.00177854 0.000469455 0.00525126 0.0124553 0.000211486 -0.00474515 0.000163717 6.86451e-05 0.00168335 -0.000123953 0.000101198 7.69449e-05 0.00436901 -0.00126791 -0.00135717 0.00134055 0.00772721 0.0126826 0.0417594 0.0105068 -0.00286206 0.0130558 0.00262388 -0.000709851 0.0478282 0.027198 0.0462877 0.10022 0.197274 -1.16259 0.133096 0.0443034 0.00315545
0.00602884 3.62241e-05 0.00138798 0.000206757 1.53557e-05 2.41979e-05 -1.62885e-05 -2.36536e-06 0.000117126 0.000109366 0.00037369 0.000372794 -0.0075083 -0.00234354 0.000285472 0.00268856 0.00711919 0.000126847 -0.00822166 0.000279005 0.000116292 0.00360666 -0.000428403 0.000396406 0.000372421 0.00675915 -0.00157146 -0.00164412 0.00153707 0.0086342 0.0124968 0.0380845 0.011722 -0.00313231 0.0152853 0.00226407 -0.00056713 0.0519718 0.0343282 0.0446825 0.0718028 0.0872408 0.290106 -0.603777 0.142325 0.0141753
0.00101455 5.79431e-06 0.000239785 3.46072e-05 2.59726e-06 4.11363e-06 -2.75694e-06 -4.03692e-07 1.99473e-05 1.84038e-05 6.4184e-05 6.47657e-05 -0.00136184 -0.000430486 5.42782e-05 0.000542512 0.00145302 3.20523e-05 -0.0026088 0.000225814 1.85749e-05 0.000538909 -7.38637e-05 5.48896e-05 3.51058e-05 0.00101747 -0.000258168 -0.000272366 0.000259004 0.00146431 0.00219535 0.00680584 0.00199276 -0.000533938 0.00256041 0.00040555 -0.000104048 0.00881247 0.00561232 0.00782105 0.0131681 0.0171732 0.0614963 0.0871546 -0.285567 0.00185655
0.000240724 1.3162e-06 5.1034e-05 7.00977e-06 5.04011e-07 8.05575e-07 -5.42527e-07 -7.9679e-08 3.86492e-06 3.76936e-06 1.25492e-05 1.38513e-05 -0.000315581 -9.79381e-05 9.21381e-06 9.51381e-05 0.000263197 4.67274e-06 -0.000443802 9.127e-06 3.65181e-06 0.00016405 -4.28451e-05 7.38574e-05 7.50736e-05 0.000262737 -5.3237e-05 -5.5317e-05 5.10494e-05 0.000283327 0.000389364 0.00117996 0.000375367 -0.000102439 0.000482977 7.21907e-05 -1.61276e-05 0.00159416 0.00112284 0.00133835 0.00221679 0.00272089 0.00941872 0.0199166 0.00399702 -0.0274659
